{
 "cells": [
  {
   "cell_type": "code",
   "execution_count": 5,
   "metadata": {},
   "outputs": [],
   "source": [
    "import matplotlib.pyplot as plt\n",
    "import numpy as np\n",
    "import torch\n",
    "import os"
   ]
  },
  {
   "cell_type": "code",
   "execution_count": 11,
   "metadata": {},
   "outputs": [],
   "source": [
    "vanilla_dir = \"../experiments/outputs/2021-07-21_08-41_class_vanilla\"\n",
    "scaled_dir =\"../experiments/outputs/2021-07-21_08-24_class_scaled_rho\"\n",
    "\n",
    "vanilla_metrics = torch.load(os.path.join(vanilla_dir, \"metrics.pt\")) \n",
    "scaled_metrics = torch.load(os.path.join(scaled_dir, \"metrics.pt\"))"
   ]
  },
  {
   "cell_type": "code",
   "execution_count": 13,
   "metadata": {},
   "outputs": [
    {
     "data": {
      "text/plain": [
       "{'forward_pass_count': [0,\n",
       "  6400,\n",
       "  12800,\n",
       "  19200,\n",
       "  25600,\n",
       "  32000,\n",
       "  38400,\n",
       "  44800,\n",
       "  51200,\n",
       "  57600,\n",
       "  64000,\n",
       "  70400,\n",
       "  76800,\n",
       "  83200,\n",
       "  89600,\n",
       "  96000,\n",
       "  102400,\n",
       "  108800,\n",
       "  115200,\n",
       "  121600,\n",
       "  128000,\n",
       "  134400,\n",
       "  140800,\n",
       "  147200,\n",
       "  153600,\n",
       "  160000,\n",
       "  166400,\n",
       "  172800,\n",
       "  179200,\n",
       "  185600,\n",
       "  192000,\n",
       "  198400,\n",
       "  204800,\n",
       "  211200,\n",
       "  217600,\n",
       "  224000,\n",
       "  230400,\n",
       "  236800,\n",
       "  243200,\n",
       "  249600,\n",
       "  256000,\n",
       "  262400,\n",
       "  268800,\n",
       "  275200,\n",
       "  281600,\n",
       "  288000,\n",
       "  294400,\n",
       "  300800,\n",
       "  307200,\n",
       "  313600,\n",
       "  319680],\n",
       " 'validation_loss': [tensor([0.0182, 0.0182, 0.0182, 0.0182, 0.0182]),\n",
       "  tensor([0.0562, 0.0536, 0.0855, 0.0812, 0.0547]),\n",
       "  tensor([0.0393, 0.0500, 0.0539, 0.0825, 0.0575]),\n",
       "  tensor([0.0344, 0.0420, 0.0646, 0.0613, 0.0543]),\n",
       "  tensor([0.0851, 0.0540, 0.0428, 0.0695, 0.0523]),\n",
       "  tensor([0.0491, 0.0588, 0.0350, 0.1039, 0.0459]),\n",
       "  tensor([0.0476, 0.0799, 0.0536, 0.0688, 0.0495]),\n",
       "  tensor([0.0868, 0.0451, 0.0616, 0.0516, 0.0307]),\n",
       "  tensor([0.0515, 0.0709, 0.1046, 0.1174, 0.0584]),\n",
       "  tensor([0.0494, 0.0591, 0.0579, 0.0832, 0.0594]),\n",
       "  tensor([0.0945, 0.0657, 0.0582, 0.1227, 0.0840]),\n",
       "  tensor([0.0819, 0.0592, 0.0701, 0.0635, 0.0838]),\n",
       "  tensor([0.0288, 0.0519, 0.0597, 0.0511, 0.0844]),\n",
       "  tensor([0.0871, 0.0886, 0.0603, 0.0647, 0.0747]),\n",
       "  tensor([0.0442, 0.0552, 0.1155, 0.0616, 0.0583]),\n",
       "  tensor([0.0235, 0.0747, 0.1271, 0.0997, 0.0505]),\n",
       "  tensor([0.0389, 0.0730, 0.1368, 0.0919, 0.1475]),\n",
       "  tensor([0.0221, 0.0988, 0.0839, 0.0520, 0.0317]),\n",
       "  tensor([0.0482, 0.0462, 0.0627, 0.0270, 0.1242]),\n",
       "  tensor([0.0511, 0.0799, 0.0817, 0.0860, 0.0820]),\n",
       "  tensor([0.0367, 0.1138, 0.1562, 0.1587, 0.0757]),\n",
       "  tensor([0.0091, 0.0952, 0.0480, 0.0353, 0.0918]),\n",
       "  tensor([0.0194, 0.0756, 0.0718, 0.1034, 0.1063]),\n",
       "  tensor([0.0297, 0.0616, 0.0616, 0.0258, 0.0792]),\n",
       "  tensor([0.0089, 0.0735, 0.0348, 0.0198, 0.0718]),\n",
       "  tensor([0.0137, 0.0287, 0.0621, 0.0190, 0.0580]),\n",
       "  tensor([0.0634, 0.0314, 0.0260, 0.0102, 0.0420]),\n",
       "  tensor([0.0079, 0.0316, 0.0133, 0.0103, 0.0483]),\n",
       "  tensor([0.0127, 0.0178, 0.0264, 0.0165, 0.0451]),\n",
       "  tensor([0.0103, 0.0098, 0.0163, 0.0229, 0.0566]),\n",
       "  tensor([0.0115, 0.0245, 0.0261, 0.0107, 0.0204]),\n",
       "  tensor([0.0126, 0.0097, 0.0300, 0.0122, 0.0143]),\n",
       "  tensor([0.0035, 0.0059, 0.0176, 0.0196, 0.0233]),\n",
       "  tensor([0.0035, 0.0105, 0.0218, 0.0082, 0.0099]),\n",
       "  tensor([0.0035, 0.0044, 0.0241, 0.0078, 0.0069]),\n",
       "  tensor([0.0090, 0.0064, 0.0060, 0.0062, 0.0110]),\n",
       "  tensor([0.0053, 0.0049, 0.0051, 0.0091, 0.0047]),\n",
       "  tensor([0.0029, 0.0051, 0.0056, 0.0049, 0.0055]),\n",
       "  tensor([0.0054, 0.0056, 0.0060, 0.0047, 0.0079]),\n",
       "  tensor([0.0036, 0.0078, 0.0142, 0.0081, 0.0109]),\n",
       "  tensor([0.0033, 0.0092, 0.0119, 0.0092, 0.0112]),\n",
       "  tensor([0.0041, 0.0093, 0.0166, 0.0090, 0.0119]),\n",
       "  tensor([0.0039, 0.0105, 0.0149, 0.0100, 0.0119]),\n",
       "  tensor([0.0043, 0.0110, 0.0144, 0.0108, 0.0133]),\n",
       "  tensor([0.0045, 0.0107, 0.0157, 0.0108, 0.0146]),\n",
       "  tensor([0.0043, 0.0108, 0.0163, 0.0107, 0.0156]),\n",
       "  tensor([0.0047, 0.0110, 0.0170, 0.0109, 0.0163]),\n",
       "  tensor([0.0046, 0.0110, 0.0173, 0.0109, 0.0168]),\n",
       "  tensor([0.0048, 0.0111, 0.0178, 0.0111, 0.0174]),\n",
       "  tensor([0.0049, 0.0112, 0.0180, 0.0111, 0.0181]),\n",
       "  tensor([0.0042, 0.0193, 0.0109, 0.0192, 0.0109])],\n",
       " 'consensus_error': [tensor([[0., 0., 0., 0., 0.],\n",
       "          [0., 0., 0., 0., 0.],\n",
       "          [0., 0., 0., 0., 0.],\n",
       "          [0., 0., 0., 0., 0.],\n",
       "          [0., 0., 0., 0., 0.]]),\n",
       "  tensor([[0.0000, 5.9766, 5.1790, 4.6953, 5.4771],\n",
       "          [5.9766, 0.0000, 6.8959, 7.1514, 7.3246],\n",
       "          [5.1790, 6.8959, 0.0000, 5.4389, 7.2107],\n",
       "          [4.6953, 7.1514, 5.4389, 0.0000, 5.7313],\n",
       "          [5.4771, 7.3246, 7.2107, 5.7313, 0.0000]]),\n",
       "  tensor([[0.0000, 5.6450, 4.6993, 4.3259, 5.4709],\n",
       "          [5.6450, 0.0000, 6.4906, 6.8885, 7.2889],\n",
       "          [4.6993, 6.4906, 0.0000, 5.0782, 6.9936],\n",
       "          [4.3259, 6.8885, 5.0782, 0.0000, 5.6121],\n",
       "          [5.4709, 7.2889, 6.9936, 5.6121, 0.0000]]),\n",
       "  tensor([[0.0000, 5.0845, 4.4410, 3.9832, 5.2741],\n",
       "          [5.0845, 0.0000, 5.8840, 6.3952, 7.2477],\n",
       "          [4.4410, 5.8840, 0.0000, 4.8508, 7.0506],\n",
       "          [3.9832, 6.3952, 4.8508, 0.0000, 5.4683],\n",
       "          [5.2741, 7.2477, 7.0506, 5.4683, 0.0000]]),\n",
       "  tensor([[0.0000, 4.4843, 3.9410, 3.5975, 4.3994],\n",
       "          [4.4843, 0.0000, 5.3498, 5.8151, 6.1592],\n",
       "          [3.9410, 5.3498, 0.0000, 4.5147, 5.9452],\n",
       "          [3.5975, 5.8151, 4.5147, 0.0000, 4.8161],\n",
       "          [4.3994, 6.1592, 5.9452, 4.8161, 0.0000]]),\n",
       "  tensor([[0.0000, 3.5822, 3.2276, 3.1324, 3.7089],\n",
       "          [3.5822, 0.0000, 4.0863, 4.4155, 4.8753],\n",
       "          [3.2276, 4.0863, 0.0000, 3.5577, 4.8756],\n",
       "          [3.1324, 4.4155, 3.5577, 0.0000, 4.0245],\n",
       "          [3.7089, 4.8753, 4.8756, 4.0245, 0.0000]]),\n",
       "  tensor([[0.0000, 3.0665, 2.8846, 2.6018, 3.0325],\n",
       "          [3.0665, 0.0000, 3.5171, 3.5504, 3.7945],\n",
       "          [2.8846, 3.5171, 0.0000, 3.1448, 3.8265],\n",
       "          [2.6018, 3.5504, 3.1448, 0.0000, 3.2224],\n",
       "          [3.0325, 3.7945, 3.8265, 3.2224, 0.0000]]),\n",
       "  tensor([[0.0000, 2.7773, 2.7538, 2.5418, 2.7965],\n",
       "          [2.7773, 0.0000, 3.3097, 3.1692, 3.2604],\n",
       "          [2.7538, 3.3097, 0.0000, 3.1037, 3.5233],\n",
       "          [2.5418, 3.1692, 3.1037, 0.0000, 3.0409],\n",
       "          [2.7965, 3.2604, 3.5233, 3.0409, 0.0000]]),\n",
       "  tensor([[0.0000, 2.8777, 2.8561, 2.8763, 2.8537],\n",
       "          [2.8777, 0.0000, 3.1408, 2.9371, 3.1209],\n",
       "          [2.8561, 3.1408, 0.0000, 3.0517, 3.1205],\n",
       "          [2.8763, 2.9371, 3.0517, 0.0000, 2.9502],\n",
       "          [2.8537, 3.1209, 3.1205, 2.9502, 0.0000]]),\n",
       "  tensor([[0.0000, 2.4967, 2.3606, 2.3611, 2.5700],\n",
       "          [2.4967, 0.0000, 2.7482, 2.2805, 2.9932],\n",
       "          [2.3606, 2.7482, 0.0000, 2.7608, 2.4580],\n",
       "          [2.3611, 2.2805, 2.7608, 0.0000, 2.9758],\n",
       "          [2.5700, 2.9932, 2.4580, 2.9758, 0.0000]]),\n",
       "  tensor([[0.0000, 2.5204, 2.4053, 2.6143, 2.4993],\n",
       "          [2.5204, 0.0000, 2.7864, 2.6553, 3.0065],\n",
       "          [2.4053, 2.7864, 0.0000, 2.9317, 2.5589],\n",
       "          [2.6143, 2.6553, 2.9317, 0.0000, 3.0218],\n",
       "          [2.4993, 3.0065, 2.5589, 3.0218, 0.0000]]),\n",
       "  tensor([[0.0000, 2.5399, 2.3797, 2.3877, 2.5260],\n",
       "          [2.5399, 0.0000, 2.7114, 2.1575, 2.8688],\n",
       "          [2.3797, 2.7114, 0.0000, 2.5915, 2.3600],\n",
       "          [2.3877, 2.1575, 2.5915, 0.0000, 2.8209],\n",
       "          [2.5260, 2.8688, 2.3600, 2.8209, 0.0000]]),\n",
       "  tensor([[0.0000, 2.2719, 2.2695, 2.2855, 2.4639],\n",
       "          [2.2719, 0.0000, 2.6476, 1.7794, 2.6833],\n",
       "          [2.2695, 2.6476, 0.0000, 2.8334, 2.2819],\n",
       "          [2.2855, 1.7794, 2.8334, 0.0000, 2.7814],\n",
       "          [2.4639, 2.6833, 2.2819, 2.7814, 0.0000]]),\n",
       "  tensor([[0.0000, 2.5290, 2.5183, 2.3587, 2.4411],\n",
       "          [2.5290, 0.0000, 2.8001, 1.9674, 2.8489],\n",
       "          [2.5183, 2.8001, 0.0000, 2.7409, 2.1773],\n",
       "          [2.3587, 1.9674, 2.7409, 0.0000, 2.7680],\n",
       "          [2.4411, 2.8489, 2.1773, 2.7680, 0.0000]]),\n",
       "  tensor([[0.0000, 2.3499, 2.3883, 2.2602, 2.3705],\n",
       "          [2.3499, 0.0000, 2.6831, 1.7210, 2.8494],\n",
       "          [2.3883, 2.6831, 0.0000, 2.6901, 2.4954],\n",
       "          [2.2602, 1.7210, 2.6901, 0.0000, 2.7910],\n",
       "          [2.3705, 2.8494, 2.4954, 2.7910, 0.0000]]),\n",
       "  tensor([[0.0000, 2.1325, 2.0225, 2.2018, 2.0491],\n",
       "          [2.1325, 0.0000, 2.7672, 1.7990, 2.7993],\n",
       "          [2.0225, 2.7672, 0.0000, 2.9806, 1.9547],\n",
       "          [2.2018, 1.7990, 2.9806, 0.0000, 2.8218],\n",
       "          [2.0491, 2.7993, 1.9547, 2.8218, 0.0000]]),\n",
       "  tensor([[0.0000, 2.3295, 2.2299, 2.2912, 2.3431],\n",
       "          [2.3295, 0.0000, 2.9592, 1.5389, 3.1617],\n",
       "          [2.2299, 2.9592, 0.0000, 2.9442, 1.9391],\n",
       "          [2.2912, 1.5389, 2.9442, 0.0000, 3.1558],\n",
       "          [2.3431, 3.1617, 1.9391, 3.1558, 0.0000]]),\n",
       "  tensor([[0.0000, 2.3540, 2.4340, 2.2027, 2.6010],\n",
       "          [2.3540, 0.0000, 2.7595, 1.5565, 2.9603],\n",
       "          [2.4340, 2.7595, 0.0000, 2.9283, 1.6337],\n",
       "          [2.2027, 1.5565, 2.9283, 0.0000, 3.1691],\n",
       "          [2.6010, 2.9603, 1.6337, 3.1691, 0.0000]]),\n",
       "  tensor([[0.0000, 2.4758, 2.0800, 2.5465, 2.0886],\n",
       "          [2.4758, 0.0000, 3.1719, 1.4444, 3.1850],\n",
       "          [2.0800, 3.1719, 0.0000, 3.2970, 1.5080],\n",
       "          [2.5465, 1.4444, 3.2970, 0.0000, 3.3138],\n",
       "          [2.0886, 3.1850, 1.5080, 3.3138, 0.0000]]),\n",
       "  tensor([[0.0000, 2.2602, 2.0741, 2.7073, 2.0969],\n",
       "          [2.2602, 0.0000, 2.8023, 1.5953, 2.8858],\n",
       "          [2.0741, 2.8023, 0.0000, 3.1877, 1.3911],\n",
       "          [2.7073, 1.5953, 3.1877, 0.0000, 3.3524],\n",
       "          [2.0969, 2.8858, 1.3911, 3.3524, 0.0000]]),\n",
       "  tensor([[0.0000, 2.2729, 2.1817, 2.3372, 2.2401],\n",
       "          [2.2729, 0.0000, 3.3999, 1.1309, 3.4660],\n",
       "          [2.1817, 3.3999, 0.0000, 3.4294, 1.3303],\n",
       "          [2.3372, 1.1309, 3.4294, 0.0000, 3.4816],\n",
       "          [2.2401, 3.4660, 1.3303, 3.4816, 0.0000]]),\n",
       "  tensor([[0.0000, 2.2080, 2.3578, 2.1892, 2.3993],\n",
       "          [2.2080, 0.0000, 3.3039, 1.0600, 3.3637],\n",
       "          [2.3578, 3.3039, 0.0000, 3.3465, 1.0636],\n",
       "          [2.1892, 1.0600, 3.3465, 0.0000, 3.3649],\n",
       "          [2.3993, 3.3637, 1.0636, 3.3649, 0.0000]]),\n",
       "  tensor([[0.0000, 2.1478, 2.2720, 2.2499, 2.2562],\n",
       "          [2.1478, 0.0000, 3.5360, 1.1246, 3.4499],\n",
       "          [2.2720, 3.5360, 0.0000, 3.5168, 1.0729],\n",
       "          [2.2499, 1.1246, 3.5168, 0.0000, 3.4779],\n",
       "          [2.2562, 3.4499, 1.0729, 3.4779, 0.0000]]),\n",
       "  tensor([[0.0000, 2.3107, 2.1396, 2.3393, 2.1901],\n",
       "          [2.3107, 0.0000, 3.7173, 0.6179, 3.7729],\n",
       "          [2.1396, 3.7173, 0.0000, 3.7496, 0.6987],\n",
       "          [2.3393, 0.6179, 3.7496, 0.0000, 3.8085],\n",
       "          [2.1901, 3.7729, 0.6987, 3.8085, 0.0000]]),\n",
       "  tensor([[0.0000, 2.3587, 2.1838, 2.4266, 2.0788],\n",
       "          [2.3587, 0.0000, 3.7992, 0.7510, 3.6253],\n",
       "          [2.1838, 3.7992, 0.0000, 3.9586, 0.6405],\n",
       "          [2.4266, 0.7510, 3.9586, 0.0000, 3.7807],\n",
       "          [2.0788, 3.6253, 0.6405, 3.7807, 0.0000]]),\n",
       "  tensor([[0.0000, 2.3818, 2.1475, 2.3819, 2.2069],\n",
       "          [2.3818, 0.0000, 3.7591, 0.4351, 3.8972],\n",
       "          [2.1475, 3.7591, 0.0000, 3.7397, 0.5889],\n",
       "          [2.3819, 0.4351, 3.7397, 0.0000, 3.8755],\n",
       "          [2.2069, 3.8972, 0.5889, 3.8755, 0.0000]]),\n",
       "  tensor([[0.0000, 2.3046, 2.1218, 2.4079, 2.1452],\n",
       "          [2.3046, 0.0000, 3.7951, 0.5620, 3.8266],\n",
       "          [2.1218, 3.7951, 0.0000, 3.9378, 0.3679],\n",
       "          [2.4079, 0.5620, 3.9378, 0.0000, 3.9637],\n",
       "          [2.1452, 3.8266, 0.3679, 3.9637, 0.0000]]),\n",
       "  tensor([[0.0000, 2.3546, 2.1546, 2.3635, 2.1349],\n",
       "          [2.3546, 0.0000, 3.9380, 0.2377, 3.9135],\n",
       "          [2.1546, 3.9380, 0.0000, 3.9467, 0.2861],\n",
       "          [2.3635, 0.2377, 3.9467, 0.0000, 3.9224],\n",
       "          [2.1349, 3.9135, 0.2861, 3.9224, 0.0000]]),\n",
       "  tensor([[0.0000, 2.3381, 2.1099, 2.3420, 2.1299],\n",
       "          [2.3381, 0.0000, 3.8657, 0.2557, 3.9163],\n",
       "          [2.1099, 3.8657, 0.0000, 3.8721, 0.3517],\n",
       "          [2.3420, 0.2557, 3.8721, 0.0000, 3.9194],\n",
       "          [2.1299, 3.9163, 0.3517, 3.9194, 0.0000]]),\n",
       "  tensor([[0.0000, 2.3655, 2.1249, 2.3529, 2.1188],\n",
       "          [2.3655, 0.0000, 3.9458, 0.2070, 3.9264],\n",
       "          [2.1249, 3.9458, 0.0000, 3.9391, 0.2916],\n",
       "          [2.3529, 0.2070, 3.9391, 0.0000, 3.9222],\n",
       "          [2.1188, 3.9264, 0.2916, 3.9222, 0.0000]]),\n",
       "  tensor([[0.0000, 2.3432, 2.1195, 2.3476, 2.1234],\n",
       "          [2.3432, 0.0000, 3.9424, 0.1437, 3.9489],\n",
       "          [2.1195, 3.9424, 0.0000, 3.9443, 0.1708],\n",
       "          [2.3476, 0.1437, 3.9443, 0.0000, 3.9507],\n",
       "          [2.1234, 3.9489, 0.1708, 3.9507, 0.0000]]),\n",
       "  tensor([[0.0000, 2.3274, 2.1379, 2.3252, 2.1277],\n",
       "          [2.3274, 0.0000, 3.9571, 0.1101, 3.9475],\n",
       "          [2.1379, 3.9571, 0.0000, 3.9558, 0.1290],\n",
       "          [2.3252, 0.1101, 3.9558, 0.0000, 3.9465],\n",
       "          [2.1277, 3.9475, 0.1290, 3.9465, 0.0000]]),\n",
       "  tensor([[0.0000, 2.3292, 2.1249, 2.3256, 2.1206],\n",
       "          [2.3292, 0.0000, 3.9584, 0.0941, 3.9526],\n",
       "          [2.1249, 3.9584, 0.0000, 3.9540, 0.1294],\n",
       "          [2.3256, 0.0941, 3.9540, 0.0000, 3.9489],\n",
       "          [2.1206, 3.9526, 0.1294, 3.9489, 0.0000]]),\n",
       "  tensor([[0.0000, 2.3289, 2.1241, 2.3285, 2.1243],\n",
       "          [2.3289, 0.0000, 3.9526, 0.0856, 3.9574],\n",
       "          [2.1241, 3.9526, 0.0000, 3.9523, 0.1147],\n",
       "          [2.3285, 0.0856, 3.9523, 0.0000, 3.9570],\n",
       "          [2.1243, 3.9574, 0.1147, 3.9570, 0.0000]]),\n",
       "  tensor([[0.0000, 2.3332, 2.1286, 2.3339, 2.1281],\n",
       "          [2.3332, 0.0000, 3.9576, 0.0604, 3.9565],\n",
       "          [2.1286, 3.9576, 0.0000, 3.9576, 0.0866],\n",
       "          [2.3339, 0.0604, 3.9576, 0.0000, 3.9569],\n",
       "          [2.1281, 3.9565, 0.0866, 3.9569, 0.0000]]),\n",
       "  tensor([[0.0000, 2.3290, 2.1272, 2.3303, 2.1288],\n",
       "          [2.3290, 0.0000, 3.9551, 0.0495, 3.9568],\n",
       "          [2.1272, 3.9551, 0.0000, 3.9560, 0.0677],\n",
       "          [2.3303, 0.0495, 3.9560, 0.0000, 3.9577],\n",
       "          [2.1288, 3.9568, 0.0677, 3.9577, 0.0000]]),\n",
       "  tensor([[0.0000, 2.3322, 2.1243, 2.3316, 2.1243],\n",
       "          [2.3322, 0.0000, 3.9572, 0.0500, 3.9574],\n",
       "          [2.1243, 3.9572, 0.0000, 3.9564, 0.0418],\n",
       "          [2.3316, 0.0500, 3.9564, 0.0000, 3.9567],\n",
       "          [2.1243, 3.9574, 0.0418, 3.9567, 0.0000]]),\n",
       "  tensor([[0.0000, 2.3312, 2.1254, 2.3317, 2.1247],\n",
       "          [2.3312, 0.0000, 3.9571, 0.0504, 3.9563],\n",
       "          [2.1254, 3.9571, 0.0000, 3.9574, 0.0502],\n",
       "          [2.3317, 0.0504, 3.9574, 0.0000, 3.9565],\n",
       "          [2.1247, 3.9563, 0.0502, 3.9565, 0.0000]]),\n",
       "  tensor([[0.0000, 2.3327, 2.1275, 2.3329, 2.1272],\n",
       "          [2.3327, 0.0000, 3.9585, 0.0382, 3.9582],\n",
       "          [2.1275, 3.9585, 0.0000, 3.9588, 0.0381],\n",
       "          [2.3329, 0.0382, 3.9588, 0.0000, 3.9584],\n",
       "          [2.1272, 3.9582, 0.0381, 3.9584, 0.0000]]),\n",
       "  tensor([[0.0000, 2.3356, 2.1259, 2.3349, 2.1260],\n",
       "          [2.3356, 0.0000, 3.9607, 0.0283, 3.9594],\n",
       "          [2.1259, 3.9607, 0.0000, 3.9606, 0.0508],\n",
       "          [2.3349, 0.0283, 3.9606, 0.0000, 3.9593],\n",
       "          [2.1260, 3.9594, 0.0508, 3.9593, 0.0000]]),\n",
       "  tensor([[0.0000, 2.3357, 2.1265, 2.3356, 2.1260],\n",
       "          [2.3357, 0.0000, 3.9603, 0.0150, 3.9607],\n",
       "          [2.1265, 3.9603, 0.0000, 3.9603, 0.0353],\n",
       "          [2.3356, 0.0150, 3.9603, 0.0000, 3.9607],\n",
       "          [2.1260, 3.9607, 0.0353, 3.9607, 0.0000]]),\n",
       "  tensor([[0.0000, 2.3357, 2.1257, 2.3355, 2.1259],\n",
       "          [2.3357, 0.0000, 3.9615, 0.0128, 3.9606],\n",
       "          [2.1257, 3.9615, 0.0000, 3.9614, 0.0388],\n",
       "          [2.3355, 0.0128, 3.9614, 0.0000, 3.9605],\n",
       "          [2.1259, 3.9606, 0.0388, 3.9605, 0.0000]]),\n",
       "  tensor([[0.0000, 2.3358, 2.1256, 2.3356, 2.1256],\n",
       "          [2.3358, 0.0000, 3.9619, 0.0054, 3.9616],\n",
       "          [2.1256, 3.9619, 0.0000, 3.9617, 0.0192],\n",
       "          [2.3356, 0.0054, 3.9617, 0.0000, 3.9615],\n",
       "          [2.1256, 3.9616, 0.0192, 3.9615, 0.0000]]),\n",
       "  tensor([[0.0000e+00, 2.3357e+00, 2.1257e+00, 2.3356e+00, 2.1257e+00],\n",
       "          [2.3357e+00, 0.0000e+00, 3.9619e+00, 3.1967e-03, 3.9618e+00],\n",
       "          [2.1257e+00, 3.9619e+00, 0.0000e+00, 3.9619e+00, 6.3838e-03],\n",
       "          [2.3356e+00, 3.1967e-03, 3.9619e+00, 0.0000e+00, 3.9618e+00],\n",
       "          [2.1257e+00, 3.9618e+00, 6.3838e-03, 3.9618e+00, 0.0000e+00]]),\n",
       "  tensor([[0.0000e+00, 2.3356e+00, 2.1259e+00, 2.3356e+00, 2.1259e+00],\n",
       "          [2.3356e+00, 0.0000e+00, 3.9620e+00, 4.6315e-03, 3.9620e+00],\n",
       "          [2.1259e+00, 3.9620e+00, 0.0000e+00, 3.9621e+00, 3.6168e-03],\n",
       "          [2.3356e+00, 4.6315e-03, 3.9621e+00, 0.0000e+00, 3.9620e+00],\n",
       "          [2.1259e+00, 3.9620e+00, 3.6168e-03, 3.9620e+00, 0.0000e+00]]),\n",
       "  tensor([[0.0000e+00, 2.3356e+00, 2.1258e+00, 2.3356e+00, 2.1258e+00],\n",
       "          [2.3356e+00, 0.0000e+00, 3.9621e+00, 1.5254e-03, 3.9620e+00],\n",
       "          [2.1258e+00, 3.9621e+00, 0.0000e+00, 3.9620e+00, 2.6616e-03],\n",
       "          [2.3356e+00, 1.5254e-03, 3.9620e+00, 0.0000e+00, 3.9620e+00],\n",
       "          [2.1258e+00, 3.9620e+00, 2.6616e-03, 3.9620e+00, 0.0000e+00]]),\n",
       "  tensor([[0.0000e+00, 2.3356e+00, 2.1258e+00, 2.3356e+00, 2.1258e+00],\n",
       "          [2.3356e+00, 0.0000e+00, 3.9621e+00, 6.8981e-04, 3.9621e+00],\n",
       "          [2.1258e+00, 3.9621e+00, 0.0000e+00, 3.9621e+00, 3.1579e-03],\n",
       "          [2.3356e+00, 6.8981e-04, 3.9621e+00, 0.0000e+00, 3.9621e+00],\n",
       "          [2.1258e+00, 3.9621e+00, 3.1579e-03, 3.9621e+00, 0.0000e+00]]),\n",
       "  tensor([[0.0000e+00, 2.3356e+00, 2.1258e+00, 2.3356e+00, 2.1258e+00],\n",
       "          [2.3356e+00, 0.0000e+00, 3.9621e+00, 6.1918e-04, 3.9621e+00],\n",
       "          [2.1258e+00, 3.9621e+00, 0.0000e+00, 3.9621e+00, 2.7620e-03],\n",
       "          [2.3356e+00, 6.1918e-04, 3.9621e+00, 0.0000e+00, 3.9621e+00],\n",
       "          [2.1258e+00, 3.9621e+00, 2.7620e-03, 3.9621e+00, 0.0000e+00]]),\n",
       "  tensor([[0.0000e+00, 2.3356e+00, 2.1258e+00, 2.3356e+00, 2.1258e+00],\n",
       "          [2.3356e+00, 0.0000e+00, 3.9622e+00, 6.6236e-04, 3.9621e+00],\n",
       "          [2.1258e+00, 3.9622e+00, 0.0000e+00, 3.9621e+00, 1.1322e-03],\n",
       "          [2.3356e+00, 6.6236e-04, 3.9621e+00, 0.0000e+00, 3.9621e+00],\n",
       "          [2.1258e+00, 3.9621e+00, 1.1322e-03, 3.9621e+00, 0.0000e+00]]),\n",
       "  tensor([[0.0000e+00, 2.3356e+00, 2.1258e+00, 2.3356e+00, 2.1258e+00],\n",
       "          [2.3356e+00, 0.0000e+00, 3.9622e+00, 4.5794e-04, 3.9622e+00],\n",
       "          [2.1258e+00, 3.9622e+00, 0.0000e+00, 3.9621e+00, 4.2796e-04],\n",
       "          [2.3356e+00, 4.5794e-04, 3.9621e+00, 0.0000e+00, 3.9621e+00],\n",
       "          [2.1258e+00, 3.9622e+00, 4.2796e-04, 3.9621e+00, 0.0000e+00]]),\n",
       "  tensor([[0.0000e+00, 2.3357e+00, 2.1257e+00, 2.3357e+00, 2.1257e+00],\n",
       "          [2.3357e+00, 0.0000e+00, 3.9622e+00, 1.9857e-04, 3.9622e+00],\n",
       "          [2.1257e+00, 3.9622e+00, 0.0000e+00, 3.9622e+00, 2.3175e-04],\n",
       "          [2.3357e+00, 1.9857e-04, 3.9622e+00, 0.0000e+00, 3.9622e+00],\n",
       "          [2.1257e+00, 3.9622e+00, 2.3175e-04, 3.9622e+00, 0.0000e+00]])],\n",
       " 'top1_accuracy': [tensor([0.0885, 0.0885, 0.0885, 0.0885, 0.0885]),\n",
       "  tensor([0.2111, 0.1977, 0.1845, 0.1979, 0.1941]),\n",
       "  tensor([0.2845, 0.2022, 0.1942, 0.1977, 0.1931]),\n",
       "  tensor([0.3396, 0.2288, 0.2027, 0.2084, 0.1957]),\n",
       "  tensor([0.2457, 0.2039, 0.4246, 0.3827, 0.2099]),\n",
       "  tensor([0.3890, 0.2135, 0.3770, 0.1987, 0.2135]),\n",
       "  tensor([0.3482, 0.2138, 0.2943, 0.2773, 0.2214]),\n",
       "  tensor([0.2257, 0.3037, 0.2892, 0.3624, 0.3029]),\n",
       "  tensor([0.3522, 0.2423, 0.1857, 0.2256, 0.2374]),\n",
       "  tensor([0.3705, 0.2896, 0.2754, 0.3322, 0.2488]),\n",
       "  tensor([0.2412, 0.3174, 0.3018, 0.2129, 0.2248]),\n",
       "  tensor([0.2344, 0.2709, 0.2571, 0.2963, 0.2033]),\n",
       "  tensor([0.5189, 0.3250, 0.2568, 0.3343, 0.2727]),\n",
       "  tensor([0.2694, 0.2282, 0.3132, 0.3110, 0.3148]),\n",
       "  tensor([0.4250, 0.3685, 0.1882, 0.3938, 0.4399]),\n",
       "  tensor([0.5512, 0.2409, 0.1939, 0.3614, 0.4138]),\n",
       "  tensor([0.4673, 0.2597, 0.2424, 0.2727, 0.2004]),\n",
       "  tensor([0.6220, 0.2697, 0.2902, 0.5336, 0.5639]),\n",
       "  tensor([0.4567, 0.3592, 0.3202, 0.6048, 0.2335]),\n",
       "  tensor([0.3889, 0.3304, 0.2901, 0.4603, 0.3440]),\n",
       "  tensor([0.5161, 0.3206, 0.2959, 0.2908, 0.3688]),\n",
       "  tensor([0.7909, 0.2684, 0.5331, 0.5958, 0.3995]),\n",
       "  tensor([0.6710, 0.3418, 0.3654, 0.5221, 0.3642]),\n",
       "  tensor([0.5614, 0.3638, 0.4558, 0.6373, 0.4534]),\n",
       "  tensor([0.7819, 0.3723, 0.6776, 0.6779, 0.3656]),\n",
       "  tensor([0.7350, 0.5219, 0.4709, 0.7304, 0.4914]),\n",
       "  tensor([0.5419, 0.5147, 0.6224, 0.7903, 0.4936]),\n",
       "  tensor([0.8015, 0.5242, 0.7472, 0.7732, 0.4575]),\n",
       "  tensor([0.7731, 0.6328, 0.6549, 0.7496, 0.5419]),\n",
       "  tensor([0.7648, 0.7913, 0.7098, 0.6962, 0.4371]),\n",
       "  tensor([0.7293, 0.5304, 0.6721, 0.7793, 0.6851]),\n",
       "  tensor([0.7524, 0.7793, 0.7038, 0.7582, 0.7124]),\n",
       "  tensor([0.8863, 0.8410, 0.7415, 0.7316, 0.6501]),\n",
       "  tensor([0.8907, 0.7204, 0.7364, 0.7775, 0.7680]),\n",
       "  tensor([0.8847, 0.8688, 0.6692, 0.8019, 0.8272]),\n",
       "  tensor([0.7875, 0.8262, 0.8402, 0.8285, 0.7815]),\n",
       "  tensor([0.8486, 0.8629, 0.8540, 0.7949, 0.8642]),\n",
       "  tensor([0.9121, 0.8586, 0.8507, 0.8658, 0.8503]),\n",
       "  tensor([0.8598, 0.8444, 0.8351, 0.8647, 0.7963]),\n",
       "  tensor([0.8929, 0.8101, 0.6892, 0.7968, 0.7356]),\n",
       "  tensor([0.9039, 0.7946, 0.7130, 0.7896, 0.7257]),\n",
       "  tensor([0.8859, 0.7933, 0.6689, 0.7888, 0.7233]),\n",
       "  tensor([0.8924, 0.7782, 0.6886, 0.7836, 0.7207]),\n",
       "  tensor([0.8811, 0.7716, 0.6963, 0.7725, 0.7071]),\n",
       "  tensor([0.8770, 0.7795, 0.6723, 0.7729, 0.6859]),\n",
       "  tensor([0.8819, 0.7736, 0.6690, 0.7760, 0.6748]),\n",
       "  tensor([0.8725, 0.7709, 0.6645, 0.7718, 0.6652]),\n",
       "  tensor([0.8729, 0.7706, 0.6607, 0.7709, 0.6610]),\n",
       "  tensor([0.8700, 0.7690, 0.6543, 0.7687, 0.6558]),\n",
       "  tensor([0.8681, 0.7690, 0.6493, 0.7689, 0.6486]),\n",
       "  tensor([0.8793, 0.6383, 0.7709, 0.6389, 0.7703])],\n",
       " 'current_epoch': [tensor([0., 0., 0., 0., 0.]),\n",
       "  tensor([0., 0., 0., 0., 0.]),\n",
       "  tensor([1., 1., 1., 1., 1.]),\n",
       "  tensor([1., 1., 1., 1., 1.]),\n",
       "  tensor([2., 2., 2., 2., 2.]),\n",
       "  tensor([2., 2., 2., 2., 2.]),\n",
       "  tensor([3., 3., 3., 3., 3.]),\n",
       "  tensor([3., 3., 3., 3., 3.]),\n",
       "  tensor([4., 4., 4., 4., 4.]),\n",
       "  tensor([4., 4., 5., 4., 4.]),\n",
       "  tensor([5., 5., 5., 5., 5.]),\n",
       "  tensor([5., 5., 6., 5., 5.]),\n",
       "  tensor([6., 6., 6., 6., 6.]),\n",
       "  tensor([6., 6., 7., 6., 7.]),\n",
       "  tensor([7., 7., 7., 7., 7.]),\n",
       "  tensor([7., 7., 8., 7., 8.]),\n",
       "  tensor([8., 8., 9., 8., 8.]),\n",
       "  tensor([8., 8., 9., 8., 9.]),\n",
       "  tensor([ 9.,  9., 10.,  9.,  9.]),\n",
       "  tensor([ 9., 10., 10.,  9., 10.]),\n",
       "  tensor([10., 10., 11., 10., 10.]),\n",
       "  tensor([10., 11., 11., 10., 11.]),\n",
       "  tensor([11., 11., 12., 11., 11.]),\n",
       "  tensor([11., 12., 13., 12., 12.]),\n",
       "  tensor([12., 12., 13., 12., 12.]),\n",
       "  tensor([12., 13., 14., 13., 13.]),\n",
       "  tensor([13., 13., 14., 13., 14.]),\n",
       "  tensor([13., 14., 15., 14., 14.]),\n",
       "  tensor([14., 14., 15., 14., 15.]),\n",
       "  tensor([14., 15., 16., 15., 15.]),\n",
       "  tensor([15., 15., 17., 15., 16.]),\n",
       "  tensor([15., 16., 17., 16., 16.]),\n",
       "  tensor([16., 16., 18., 16., 17.]),\n",
       "  tensor([16., 17., 18., 17., 17.]),\n",
       "  tensor([17., 17., 19., 17., 18.]),\n",
       "  tensor([17., 18., 19., 18., 18.]),\n",
       "  tensor([18., 19., 20., 18., 19.]),\n",
       "  tensor([18., 19., 21., 19., 19.]),\n",
       "  tensor([19., 20., 21., 19., 20.]),\n",
       "  tensor([19., 20., 22., 20., 21.]),\n",
       "  tensor([20., 21., 22., 20., 21.]),\n",
       "  tensor([20., 21., 23., 21., 22.]),\n",
       "  tensor([21., 22., 23., 21., 22.]),\n",
       "  tensor([21., 22., 24., 22., 23.]),\n",
       "  tensor([22., 23., 24., 23., 23.]),\n",
       "  tensor([22., 23., 25., 23., 24.]),\n",
       "  tensor([23., 24., 26., 24., 24.]),\n",
       "  tensor([23., 24., 26., 24., 25.]),\n",
       "  tensor([24., 25., 27., 25., 25.]),\n",
       "  tensor([24., 25., 27., 25., 26.]),\n",
       "  tensor([25., 26., 28., 26., 26.])]}"
      ]
     },
     "execution_count": 13,
     "metadata": {},
     "output_type": "execute_result"
    }
   ],
   "source": [
    "scaled_metrics"
   ]
  },
  {
   "cell_type": "code",
   "execution_count": 28,
   "metadata": {},
   "outputs": [
    {
     "data": {
      "text/plain": [
       "[0, 2, 4]"
      ]
     },
     "execution_count": 28,
     "metadata": {},
     "output_type": "execute_result"
    }
   ],
   "source": [
    "import networkx as nx\n",
    "\n",
    "G = nx.wheel_graph(5)\n",
    "G.edges\n",
    "list(G.neighbors(1))"
   ]
  }
 ],
 "metadata": {
  "interpreter": {
   "hash": "98daabec3d9ee92a94e437b98eced254849f05673a4aa740cd51b4c791e1d3a4"
  },
  "kernelspec": {
   "display_name": "Python 3.8.10 64-bit ('venv': venv)",
   "name": "python3"
  },
  "language_info": {
   "codemirror_mode": {
    "name": "ipython",
    "version": 3
   },
   "file_extension": ".py",
   "mimetype": "text/x-python",
   "name": "python",
   "nbconvert_exporter": "python",
   "pygments_lexer": "ipython3",
   "version": "3.8.10"
  },
  "orig_nbformat": 4
 },
 "nbformat": 4,
 "nbformat_minor": 2
}